mgc_rve_context_lcv "" "tdi_sensor_top" "" 1000
mp 4 21.23 -18.67 21.37 -18.67 21.37 -16.28 21.23 -16.28
mp 4 21.23 -13.51 21.37 -13.51 21.37 -13.07 21.23 -13.07
mp 4 42.53 -18.67 42.67 -18.67 42.67 -16.28 42.53 -16.28
mp 4 42.53 -13.51 42.67 -13.51 42.67 -13.07 42.53 -13.07
mp 4 63.83 -18.67 63.97 -18.67 63.97 -16.28 63.83 -16.28
mp 4 63.83 -13.51 63.97 -13.51 63.97 -13.07 63.83 -13.07
mp 4 85.13 -18.67 85.27 -18.67 85.27 -16.28 85.13 -16.28
mp 4 85.13 -13.51 85.27 -13.51 85.27 -13.07 85.13 -13.07
mp 4 106.43 -18.67 106.57 -18.67 106.57 -16.28 106.43 -16.28
mp 4 106.43 -13.51 106.57 -13.51 106.57 -13.07 106.43 -13.07
mp 4 127.73 -18.67 127.87 -18.67 127.87 -16.28 127.73 -16.28
mp 4 127.73 -13.51 127.87 -13.51 127.87 -13.07 127.73 -13.07
mp 4 149.03 -18.67 149.17 -18.67 149.17 -16.28 149.03 -16.28
mp 4 149.03 -13.51 149.17 -13.51 149.17 -13.07 149.03 -13.07
mp 4 170.33 -18.67 170.47 -18.67 170.47 -16.28 170.33 -16.28
mp 4 170.33 -13.51 170.47 -13.51 170.47 -13.07 170.33 -13.07
mp 4 191.63 -18.67 191.77 -18.67 191.77 -16.28 191.63 -16.28
mp 4 191.63 -13.51 191.77 -13.51 191.77 -13.07 191.63 -13.07
mp 4 212.93 -18.67 213.07 -18.67 213.07 -16.28 212.93 -16.28
mp 4 212.93 -13.51 213.07 -13.51 213.07 -13.07 212.93 -13.07
mp 4 234.23 -18.67 234.37 -18.67 234.37 -16.28 234.23 -16.28
mp 4 234.23 -13.51 234.37 -13.51 234.37 -13.07 234.23 -13.07
mp 4 255.53 -18.67 255.67 -18.67 255.67 -16.28 255.53 -16.28
mp 4 255.53 -13.51 255.67 -13.51 255.67 -13.07 255.53 -13.07
mp 4 276.83 -18.67 276.97 -18.67 276.97 -16.28 276.83 -16.28
mp 4 276.83 -13.51 276.97 -13.51 276.97 -13.07 276.83 -13.07
mp 4 298.13 -18.67 298.27 -18.67 298.27 -16.28 298.13 -16.28
mp 4 298.13 -13.51 298.27 -13.51 298.27 -13.07 298.13 -13.07
mp 4 319.43 -18.67 319.57 -18.67 319.57 -16.28 319.43 -16.28
mp 4 319.43 -13.51 319.57 -13.51 319.57 -13.07 319.43 -13.07
mp 4 340.73 -18.67 340.87 -18.67 340.87 -16.28 340.73 -16.28
mp 4 340.73 -13.51 340.87 -13.51 340.87 -13.07 340.73 -13.07
mp 4 362.03 -18.67 362.17 -18.67 362.17 -16.28 362.03 -16.28
mp 4 362.03 -13.51 362.17 -13.51 362.17 -13.07 362.03 -13.07
mp 4 383.33 -18.67 383.47 -18.67 383.47 -16.28 383.33 -16.28
mp 4 383.33 -13.51 383.47 -13.51 383.47 -13.07 383.33 -13.07
mp 4 404.63 -18.67 404.77 -18.67 404.77 -16.28 404.63 -16.28
mp 4 404.63 -13.51 404.77 -13.51 404.77 -13.07 404.63 -13.07
mp 4 425.93 -18.67 426.07 -18.67 426.07 -16.28 425.93 -16.28
mp 4 425.93 -13.51 426.07 -13.51 426.07 -13.07 425.93 -13.07
mp 4 447.23 -18.67 447.37 -18.67 447.37 -16.28 447.23 -16.28
mp 4 447.23 -13.51 447.37 -13.51 447.37 -13.07 447.23 -13.07
mp 4 468.53 -18.67 468.67 -18.67 468.67 -16.28 468.53 -16.28
mp 4 468.53 -13.51 468.67 -13.51 468.67 -13.07 468.53 -13.07
mp 4 489.83 -18.67 489.97 -18.67 489.97 -16.28 489.83 -16.28
mp 4 489.83 -13.51 489.97 -13.51 489.97 -13.07 489.83 -13.07
mp 4 511.13 -18.67 511.27 -18.67 511.27 -16.28 511.13 -16.28
mp 4 511.13 -13.51 511.27 -13.51 511.27 -13.07 511.13 -13.07
mp 4 532.43 -18.67 532.57 -18.67 532.57 -16.28 532.43 -16.28
mp 4 532.43 -13.51 532.57 -13.51 532.57 -13.07 532.43 -13.07
mp 4 553.73 -18.67 553.87 -18.67 553.87 -16.28 553.73 -16.28
mp 4 553.73 -13.51 553.87 -13.51 553.87 -13.07 553.73 -13.07
mp 4 575.03 -18.67 575.17 -18.67 575.17 -16.28 575.03 -16.28
mp 4 575.03 -13.51 575.17 -13.51 575.17 -13.07 575.03 -13.07
mp 4 596.33 -18.67 596.47 -18.67 596.47 -16.28 596.33 -16.28
mp 4 596.33 -13.51 596.47 -13.51 596.47 -13.07 596.33 -13.07
mp 4 617.63 -18.67 617.77 -18.67 617.77 -16.28 617.63 -16.28
mp 4 617.63 -13.51 617.77 -13.51 617.77 -13.07 617.63 -13.07
mp 4 638.93 -18.67 639.07 -18.67 639.07 -16.28 638.93 -16.28
mp 4 638.93 -13.51 639.07 -13.51 639.07 -13.07 638.93 -13.07
mp 4 660.23 -18.67 660.37 -18.67 660.37 -16.28 660.23 -16.28
mp 4 660.23 -13.51 660.37 -13.51 660.37 -13.07 660.23 -13.07
mp 4 681.53 -18.67 681.67 -18.67 681.67 -16.28 681.53 -16.28
mp 4 681.53 -13.51 681.67 -13.51 681.67 -13.07 681.53 -13.07
mp 4 702.83 -18.67 702.97 -18.67 702.97 -16.28 702.83 -16.28
mp 4 702.83 -13.51 702.97 -13.51 702.97 -13.07 702.83 -13.07
mp 4 724.13 -18.67 724.27 -18.67 724.27 -16.28 724.13 -16.28
mp 4 724.13 -13.51 724.27 -13.51 724.27 -13.07 724.13 -13.07
mp 4 745.43 -18.67 745.57 -18.67 745.57 -16.28 745.43 -16.28
mp 4 745.43 -13.51 745.57 -13.51 745.57 -13.07 745.43 -13.07
mp 4 766.73 -18.67 766.87 -18.67 766.87 -16.28 766.73 -16.28
mp 4 766.73 -13.51 766.87 -13.51 766.87 -13.07 766.73 -13.07
mp 4 788.03 -18.67 788.17 -18.67 788.17 -16.28 788.03 -16.28
mp 4 788.03 -13.51 788.17 -13.51 788.17 -13.07 788.03 -13.07
mp 4 809.33 -18.67 809.47 -18.67 809.47 -16.28 809.33 -16.28
mp 4 809.33 -13.51 809.47 -13.51 809.47 -13.07 809.33 -13.07
mp 4 830.63 -18.67 830.77 -18.67 830.77 -16.28 830.63 -16.28
mp 4 830.63 -13.51 830.77 -13.51 830.77 -13.07 830.63 -13.07
mp 4 851.93 -18.67 852.07 -18.67 852.07 -16.28 851.93 -16.28
mp 4 851.93 -13.51 852.07 -13.51 852.07 -13.07 851.93 -13.07
mp 4 873.23 -18.67 873.37 -18.67 873.37 -16.28 873.23 -16.28
mp 4 873.23 -13.51 873.37 -13.51 873.37 -13.07 873.23 -13.07
mp 4 894.53 -18.67 894.67 -18.67 894.67 -16.28 894.53 -16.28
mp 4 894.53 -13.51 894.67 -13.51 894.67 -13.07 894.53 -13.07
mp 4 915.83 -18.67 915.97 -18.67 915.97 -16.28 915.83 -16.28
mp 4 915.83 -13.51 915.97 -13.51 915.97 -13.07 915.83 -13.07
mp 4 937.13 -18.67 937.27 -18.67 937.27 -16.28 937.13 -16.28
mp 4 937.13 -13.51 937.27 -13.51 937.27 -13.07 937.13 -13.07
mp 4 958.43 -18.67 958.57 -18.67 958.57 -16.28 958.43 -16.28
mp 4 958.43 -13.51 958.57 -13.51 958.57 -13.07 958.43 -13.07
mp 4 979.73 -18.67 979.87 -18.67 979.87 -16.28 979.73 -16.28
mp 4 979.73 -13.51 979.87 -13.51 979.87 -13.07 979.73 -13.07
mp 4 1001.03 -18.67 1001.17 -18.67 1001.17 -16.28 1001.03 -16.28
mp 4 1001.03 -13.51 1001.17 -13.51 1001.17 -13.07 1001.03 -13.07
mp 4 1022.33 -18.67 1022.47 -18.67 1022.47 -16.28 1022.33 -16.28
mp 4 1022.33 -13.51 1022.47 -13.51 1022.47 -13.07 1022.33 -13.07
mp 4 1043.63 -18.67 1043.77 -18.67 1043.77 -16.28 1043.63 -16.28
mp 4 1043.63 -13.51 1043.77 -13.51 1043.77 -13.07 1043.63 -13.07
mp 4 1064.93 -18.67 1065.07 -18.67 1065.07 -16.28 1064.93 -16.28
mp 4 1064.93 -13.51 1065.07 -13.51 1065.07 -13.07 1064.93 -13.07
mp 4 1086.23 -18.67 1086.37 -18.67 1086.37 -16.28 1086.23 -16.28
mp 4 1086.23 -13.51 1086.37 -13.51 1086.37 -13.07 1086.23 -13.07
mp 4 1107.53 -18.67 1107.67 -18.67 1107.67 -16.28 1107.53 -16.28
mp 4 1107.53 -13.51 1107.67 -13.51 1107.67 -13.07 1107.53 -13.07
mp 4 1128.83 -18.67 1128.97 -18.67 1128.97 -16.28 1128.83 -16.28
mp 4 1128.83 -13.51 1128.97 -13.51 1128.97 -13.07 1128.83 -13.07
mp 4 1150.13 -18.67 1150.27 -18.67 1150.27 -16.28 1150.13 -16.28
mp 4 1150.13 -13.51 1150.27 -13.51 1150.27 -13.07 1150.13 -13.07
mp 4 1171.43 -18.67 1171.57 -18.67 1171.57 -16.28 1171.43 -16.28
mp 4 1171.43 -13.51 1171.57 -13.51 1171.57 -13.07 1171.43 -13.07
mp 4 1192.73 -18.67 1192.87 -18.67 1192.87 -16.28 1192.73 -16.28
mp 4 1192.73 -13.51 1192.87 -13.51 1192.87 -13.07 1192.73 -13.07
mp 4 1214.03 -18.67 1214.17 -18.67 1214.17 -16.28 1214.03 -16.28
mp 4 1214.03 -13.51 1214.17 -13.51 1214.17 -13.07 1214.03 -13.07
mp 4 1235.33 -18.67 1235.47 -18.67 1235.47 -16.28 1235.33 -16.28
mp 4 1235.33 -13.51 1235.47 -13.51 1235.47 -13.07 1235.33 -13.07
mp 4 1256.63 -18.67 1256.77 -18.67 1256.77 -16.28 1256.63 -16.28
mp 4 1256.63 -13.51 1256.77 -13.51 1256.77 -13.07 1256.63 -13.07
mp 4 1277.93 -18.67 1278.07 -18.67 1278.07 -16.28 1277.93 -16.28
mp 4 1277.93 -13.51 1278.07 -13.51 1278.07 -13.07 1277.93 -13.07
mp 4 1299.23 -18.67 1299.37 -18.67 1299.37 -16.28 1299.23 -16.28
mp 4 1299.23 -13.51 1299.37 -13.51 1299.37 -13.07 1299.23 -13.07
mp 4 1320.53 -18.67 1320.67 -18.67 1320.67 -16.28 1320.53 -16.28
mp 4 1320.53 -13.51 1320.67 -13.51 1320.67 -13.07 1320.53 -13.07
mp 4 1341.83 -18.67 1341.97 -18.67 1341.97 -16.28 1341.83 -16.28
mp 4 1341.83 -13.51 1341.97 -13.51 1341.97 -13.07 1341.83 -13.07
mp 4 1363.13 -18.67 1363.27 -18.67 1363.27 -16.28 1363.13 -16.28
mp 4 1363.13 -13.51 1363.27 -13.51 1363.27 -13.07 1363.13 -13.07
mp 4 1384.43 -18.67 1384.57 -18.67 1384.57 -16.28 1384.43 -16.28
mp 4 1384.43 -13.51 1384.57 -13.51 1384.57 -13.07 1384.43 -13.07
mp 4 1405.73 -18.67 1405.87 -18.67 1405.87 -16.28 1405.73 -16.28
mp 4 1405.73 -13.51 1405.87 -13.51 1405.87 -13.07 1405.73 -13.07
mp 4 1427.03 -18.67 1427.17 -18.67 1427.17 -16.28 1427.03 -16.28
mp 4 1427.03 -13.51 1427.17 -13.51 1427.17 -13.07 1427.03 -13.07
mp 4 1448.33 -18.67 1448.47 -18.67 1448.47 -16.28 1448.33 -16.28
mp 4 1448.33 -13.51 1448.47 -13.51 1448.47 -13.07 1448.33 -13.07
mp 4 1469.63 -18.67 1469.77 -18.67 1469.77 -16.28 1469.63 -16.28
mp 4 1469.63 -13.51 1469.77 -13.51 1469.77 -13.07 1469.63 -13.07
mp 4 1490.93 -18.67 1491.07 -18.67 1491.07 -16.28 1490.93 -16.28
mp 4 1490.93 -13.51 1491.07 -13.51 1491.07 -13.07 1490.93 -13.07
mp 4 1512.23 -18.67 1512.37 -18.67 1512.37 -16.28 1512.23 -16.28
mp 4 1512.23 -13.51 1512.37 -13.51 1512.37 -13.07 1512.23 -13.07
mp 4 1533.53 -18.67 1533.67 -18.67 1533.67 -16.28 1533.53 -16.28
mp 4 1533.53 -13.51 1533.67 -13.51 1533.67 -13.07 1533.53 -13.07
mp 4 1554.83 -18.67 1554.97 -18.67 1554.97 -16.28 1554.83 -16.28
mp 4 1554.83 -13.51 1554.97 -13.51 1554.97 -13.07 1554.83 -13.07
mp 4 1576.13 -18.67 1576.27 -18.67 1576.27 -16.28 1576.13 -16.28
mp 4 1576.13 -13.51 1576.27 -13.51 1576.27 -13.07 1576.13 -13.07
mp 4 1597.43 -18.67 1597.57 -18.67 1597.57 -16.28 1597.43 -16.28
mp 4 1597.43 -13.51 1597.57 -13.51 1597.57 -13.07 1597.43 -13.07
mp 4 1618.73 -18.67 1618.87 -18.67 1618.87 -16.28 1618.73 -16.28
mp 4 1618.73 -13.51 1618.87 -13.51 1618.87 -13.07 1618.73 -13.07
mp 4 1640.03 -18.67 1640.17 -18.67 1640.17 -16.28 1640.03 -16.28
mp 4 1640.03 -13.51 1640.17 -13.51 1640.17 -13.07 1640.03 -13.07
mp 4 1661.33 -18.67 1661.47 -18.67 1661.47 -16.28 1661.33 -16.28
mp 4 1661.33 -13.51 1661.47 -13.51 1661.47 -13.07 1661.33 -13.07
mp 4 1682.63 -18.67 1682.77 -18.67 1682.77 -16.28 1682.63 -16.28
mp 4 1682.63 -13.51 1682.77 -13.51 1682.77 -13.07 1682.63 -13.07
mp 4 1703.93 -18.67 1704.07 -18.67 1704.07 -16.28 1703.93 -16.28
mp 4 1703.93 -13.51 1704.07 -13.51 1704.07 -13.07 1703.93 -13.07
mp 4 1725.23 -18.67 1725.37 -18.67 1725.37 -16.28 1725.23 -16.28
mp 4 1725.23 -13.51 1725.37 -13.51 1725.37 -13.07 1725.23 -13.07
mp 4 1746.53 -18.67 1746.67 -18.67 1746.67 -16.28 1746.53 -16.28
mp 4 1746.53 -13.51 1746.67 -13.51 1746.67 -13.07 1746.53 -13.07
mp 4 1767.83 -18.67 1767.97 -18.67 1767.97 -16.28 1767.83 -16.28
mp 4 1767.83 -13.51 1767.97 -13.51 1767.97 -13.07 1767.83 -13.07
mp 4 1789.13 -18.67 1789.27 -18.67 1789.27 -16.28 1789.13 -16.28
mp 4 1789.13 -13.51 1789.27 -13.51 1789.27 -13.07 1789.13 -13.07
mp 4 1810.43 -18.67 1810.57 -18.67 1810.57 -16.28 1810.43 -16.28
mp 4 1810.43 -13.51 1810.57 -13.51 1810.57 -13.07 1810.43 -13.07
mp 4 1831.73 -18.67 1831.87 -18.67 1831.87 -16.28 1831.73 -16.28
mp 4 1831.73 -13.51 1831.87 -13.51 1831.87 -13.07 1831.73 -13.07
mp 4 1853.03 -18.67 1853.17 -18.67 1853.17 -16.28 1853.03 -16.28
mp 4 1853.03 -13.51 1853.17 -13.51 1853.17 -13.07 1853.03 -13.07
mp 4 1874.33 -18.67 1874.47 -18.67 1874.47 -16.28 1874.33 -16.28
mp 4 1874.33 -13.51 1874.47 -13.51 1874.47 -13.07 1874.33 -13.07
mp 4 1895.63 -18.67 1895.77 -18.67 1895.77 -16.28 1895.63 -16.28
mp 4 1895.63 -13.51 1895.77 -13.51 1895.77 -13.07 1895.63 -13.07
mp 4 1916.93 -18.67 1917.07 -18.67 1917.07 -16.28 1916.93 -16.28
mp 4 1916.93 -13.51 1917.07 -13.51 1917.07 -13.07 1916.93 -13.07
mp 4 1938.23 -18.67 1938.37 -18.67 1938.37 -16.28 1938.23 -16.28
mp 4 1938.23 -13.51 1938.37 -13.51 1938.37 -13.07 1938.23 -13.07
mp 4 1959.53 -18.67 1959.67 -18.67 1959.67 -16.28 1959.53 -16.28
mp 4 1959.53 -13.51 1959.67 -13.51 1959.67 -13.07 1959.53 -13.07
mp 4 1980.83 -18.67 1980.97 -18.67 1980.97 -16.28 1980.83 -16.28
mp 4 1980.83 -13.51 1980.97 -13.51 1980.97 -13.07 1980.83 -13.07
mp 4 2002.13 -18.67 2002.27 -18.67 2002.27 -16.28 2002.13 -16.28
mp 4 2002.13 -13.51 2002.27 -13.51 2002.27 -13.07 2002.13 -13.07
mp 4 2023.43 -18.67 2023.57 -18.67 2023.57 -16.28 2023.43 -16.28
mp 4 2023.43 -13.51 2023.57 -13.51 2023.57 -13.07 2023.43 -13.07
mp 4 2044.73 -18.67 2044.87 -18.67 2044.87 -16.28 2044.73 -16.28
mp 4 2044.73 -13.51 2044.87 -13.51 2044.87 -13.07 2044.73 -13.07
mp 4 2066.03 -18.67 2066.17 -18.67 2066.17 -16.28 2066.03 -16.28
mp 4 2066.03 -13.51 2066.17 -13.51 2066.17 -13.07 2066.03 -13.07
mp 4 2087.33 -18.67 2087.47 -18.67 2087.47 -16.28 2087.33 -16.28
mp 4 2087.33 -13.51 2087.47 -13.51 2087.47 -13.07 2087.33 -13.07
mp 4 2108.63 -18.67 2108.77 -18.67 2108.77 -16.28 2108.63 -16.28
mp 4 2108.63 -13.51 2108.77 -13.51 2108.77 -13.07 2108.63 -13.07
mp 4 2129.93 -18.67 2130.07 -18.67 2130.07 -16.28 2129.93 -16.28
mp 4 2129.93 -13.51 2130.07 -13.51 2130.07 -13.07 2129.93 -13.07
mp 4 2151.23 -18.67 2151.37 -18.67 2151.37 -16.28 2151.23 -16.28
mp 4 2151.23 -13.51 2151.37 -13.51 2151.37 -13.07 2151.23 -13.07
mp 4 2172.53 -18.67 2172.67 -18.67 2172.67 -16.28 2172.53 -16.28
mp 4 2172.53 -13.51 2172.67 -13.51 2172.67 -13.07 2172.53 -13.07
mp 4 2193.83 -18.67 2193.97 -18.67 2193.97 -16.28 2193.83 -16.28
mp 4 2193.83 -13.51 2193.97 -13.51 2193.97 -13.07 2193.83 -13.07
mp 4 2215.13 -18.67 2215.27 -18.67 2215.27 -16.28 2215.13 -16.28
mp 4 2215.13 -13.51 2215.27 -13.51 2215.27 -13.07 2215.13 -13.07
mp 4 2236.43 -18.67 2236.57 -18.67 2236.57 -16.28 2236.43 -16.28
mp 4 2236.43 -13.51 2236.57 -13.51 2236.57 -13.07 2236.43 -13.07
mp 4 2257.73 -18.67 2257.87 -18.67 2257.87 -16.28 2257.73 -16.28
mp 4 2257.73 -13.51 2257.87 -13.51 2257.87 -13.07 2257.73 -13.07
mp 4 2279.03 -18.67 2279.17 -18.67 2279.17 -16.28 2279.03 -16.28
mp 4 2279.03 -13.51 2279.17 -13.51 2279.17 -13.07 2279.03 -13.07
mp 4 2300.33 -18.67 2300.47 -18.67 2300.47 -16.28 2300.33 -16.28
mp 4 2300.33 -13.51 2300.47 -13.51 2300.47 -13.07 2300.33 -13.07
mp 4 2321.63 -18.67 2321.77 -18.67 2321.77 -16.28 2321.63 -16.28
mp 4 2321.63 -13.51 2321.77 -13.51 2321.77 -13.07 2321.63 -13.07
mp 4 2342.93 -18.67 2343.07 -18.67 2343.07 -16.28 2342.93 -16.28
mp 4 2342.93 -13.51 2343.07 -13.51 2343.07 -13.07 2342.93 -13.07
mp 4 2364.23 -18.67 2364.37 -18.67 2364.37 -16.28 2364.23 -16.28
mp 4 2364.23 -13.51 2364.37 -13.51 2364.37 -13.07 2364.23 -13.07
mp 4 2385.53 -18.67 2385.67 -18.67 2385.67 -16.28 2385.53 -16.28
mp 4 2385.53 -13.51 2385.67 -13.51 2385.67 -13.07 2385.53 -13.07
mp 4 2406.83 -18.67 2406.97 -18.67 2406.97 -16.28 2406.83 -16.28
mp 4 2406.83 -13.51 2406.97 -13.51 2406.97 -13.07 2406.83 -13.07
mp 4 2428.13 -18.67 2428.27 -18.67 2428.27 -16.28 2428.13 -16.28
mp 4 2428.13 -13.51 2428.27 -13.51 2428.27 -13.07 2428.13 -13.07
mp 4 2449.43 -18.67 2449.57 -18.67 2449.57 -16.28 2449.43 -16.28
mp 4 2449.43 -13.51 2449.57 -13.51 2449.57 -13.07 2449.43 -13.07
mp 4 2470.73 -18.67 2470.87 -18.67 2470.87 -16.28 2470.73 -16.28
mp 4 2470.73 -13.51 2470.87 -13.51 2470.87 -13.07 2470.73 -13.07
mp 4 2492.03 -18.67 2492.17 -18.67 2492.17 -16.28 2492.03 -16.28
mp 4 2492.03 -13.51 2492.17 -13.51 2492.17 -13.07 2492.03 -13.07
mp 4 2513.33 -18.67 2513.47 -18.67 2513.47 -16.28 2513.33 -16.28
mp 4 2513.33 -13.51 2513.47 -13.51 2513.47 -13.07 2513.33 -13.07
mp 4 2534.63 -18.67 2534.77 -18.67 2534.77 -16.28 2534.63 -16.28
mp 4 2534.63 -13.51 2534.77 -13.51 2534.77 -13.07 2534.63 -13.07
mp 4 2555.93 -18.67 2556.07 -18.67 2556.07 -16.28 2555.93 -16.28
mp 4 2555.93 -13.51 2556.07 -13.51 2556.07 -13.07 2555.93 -13.07
mp 4 2577.23 -18.67 2577.37 -18.67 2577.37 -16.28 2577.23 -16.28
mp 4 2577.23 -13.51 2577.37 -13.51 2577.37 -13.07 2577.23 -13.07
mp 4 2598.53 -18.67 2598.67 -18.67 2598.67 -16.28 2598.53 -16.28
mp 4 2598.53 -13.51 2598.67 -13.51 2598.67 -13.07 2598.53 -13.07
mp 4 2619.83 -18.67 2619.97 -18.67 2619.97 -16.28 2619.83 -16.28
mp 4 2619.83 -13.51 2619.97 -13.51 2619.97 -13.07 2619.83 -13.07
mp 4 2641.13 -18.67 2641.27 -18.67 2641.27 -16.28 2641.13 -16.28
mp 4 2641.13 -13.51 2641.27 -13.51 2641.27 -13.07 2641.13 -13.07
mp 4 2662.43 -18.67 2662.57 -18.67 2662.57 -16.28 2662.43 -16.28
mp 4 2662.43 -13.51 2662.57 -13.51 2662.57 -13.07 2662.43 -13.07
mp 4 2683.73 -18.67 2683.87 -18.67 2683.87 -16.28 2683.73 -16.28
mp 4 2683.73 -13.51 2683.87 -13.51 2683.87 -13.07 2683.73 -13.07
mp 4 2705.03 -18.67 2705.17 -18.67 2705.17 -16.28 2705.03 -16.28
mp 4 2705.03 -13.51 2705.17 -13.51 2705.17 -13.07 2705.03 -13.07
mp 4 2726.33 -18.67 2726.47 -18.67 2726.47 -16.28 2726.33 -16.28
mp 4 2726.33 -13.51 2726.47 -13.51 2726.47 -13.07 2726.33 -13.07
mp 4 2747.63 -18.67 2747.77 -18.67 2747.77 -16.28 2747.63 -16.28
mp 4 2747.63 -13.51 2747.77 -13.51 2747.77 -13.07 2747.63 -13.07
mp 4 2768.93 -18.67 2769.07 -18.67 2769.07 -16.28 2768.93 -16.28
mp 4 2768.93 -13.51 2769.07 -13.51 2769.07 -13.07 2768.93 -13.07
mp 4 2790.23 -18.67 2790.37 -18.67 2790.37 -16.28 2790.23 -16.28
mp 4 2790.23 -13.51 2790.37 -13.51 2790.37 -13.07 2790.23 -13.07
mp 4 2811.53 -18.67 2811.67 -18.67 2811.67 -16.28 2811.53 -16.28
mp 4 2811.53 -13.51 2811.67 -13.51 2811.67 -13.07 2811.53 -13.07
mp 4 2832.83 -18.67 2832.97 -18.67 2832.97 -16.28 2832.83 -16.28
mp 4 2832.83 -13.51 2832.97 -13.51 2832.97 -13.07 2832.83 -13.07
mp 4 2854.13 -18.67 2854.27 -18.67 2854.27 -16.28 2854.13 -16.28
mp 4 2854.13 -13.51 2854.27 -13.51 2854.27 -13.07 2854.13 -13.07
mp 4 2875.43 -18.67 2875.57 -18.67 2875.57 -16.28 2875.43 -16.28
mp 4 2875.43 -13.51 2875.57 -13.51 2875.57 -13.07 2875.43 -13.07
mp 4 2896.73 -18.67 2896.87 -18.67 2896.87 -16.28 2896.73 -16.28
mp 4 2896.73 -13.51 2896.87 -13.51 2896.87 -13.07 2896.73 -13.07
mp 4 2918.03 -18.67 2918.17 -18.67 2918.17 -16.28 2918.03 -16.28
mp 4 2918.03 -13.51 2918.17 -13.51 2918.17 -13.07 2918.03 -13.07
mp 4 2939.33 -18.67 2939.47 -18.67 2939.47 -16.28 2939.33 -16.28
mp 4 2939.33 -13.51 2939.47 -13.51 2939.47 -13.07 2939.33 -13.07
mp 4 2960.63 -18.67 2960.77 -18.67 2960.77 -16.28 2960.63 -16.28
mp 4 2960.63 -13.51 2960.77 -13.51 2960.77 -13.07 2960.63 -13.07
mp 4 2981.93 -18.67 2982.07 -18.67 2982.07 -16.28 2981.93 -16.28
mp 4 2981.93 -13.51 2982.07 -13.51 2982.07 -13.07 2981.93 -13.07
mp 4 3003.23 -18.67 3003.37 -18.67 3003.37 -16.28 3003.23 -16.28
mp 4 3003.23 -13.51 3003.37 -13.51 3003.37 -13.07 3003.23 -13.07
mp 4 3024.53 -18.67 3024.67 -18.67 3024.67 -16.28 3024.53 -16.28
mp 4 3024.53 -13.51 3024.67 -13.51 3024.67 -13.07 3024.53 -13.07
mp 4 3045.83 -18.67 3045.97 -18.67 3045.97 -16.28 3045.83 -16.28
mp 4 3045.83 -13.51 3045.97 -13.51 3045.97 -13.07 3045.83 -13.07
mp 4 3067.13 -18.67 3067.27 -18.67 3067.27 -16.28 3067.13 -16.28
mp 4 3067.13 -13.51 3067.27 -13.51 3067.27 -13.07 3067.13 -13.07
mp 4 3088.43 -18.67 3088.57 -18.67 3088.57 -16.28 3088.43 -16.28
mp 4 3088.43 -13.51 3088.57 -13.51 3088.57 -13.07 3088.43 -13.07
mp 4 3109.73 -18.67 3109.87 -18.67 3109.87 -16.28 3109.73 -16.28
mp 4 3109.73 -13.51 3109.87 -13.51 3109.87 -13.07 3109.73 -13.07
mp 4 3131.03 -18.67 3131.17 -18.67 3131.17 -16.28 3131.03 -16.28
mp 4 3131.03 -13.51 3131.17 -13.51 3131.17 -13.07 3131.03 -13.07
mp 4 3152.33 -18.67 3152.47 -18.67 3152.47 -16.28 3152.33 -16.28
mp 4 3152.33 -13.51 3152.47 -13.51 3152.47 -13.07 3152.33 -13.07
mp 4 3173.63 -18.67 3173.77 -18.67 3173.77 -16.28 3173.63 -16.28
mp 4 3173.63 -13.51 3173.77 -13.51 3173.77 -13.07 3173.63 -13.07
mp 4 3194.93 -18.67 3195.07 -18.67 3195.07 -16.28 3194.93 -16.28
mp 4 3194.93 -13.51 3195.07 -13.51 3195.07 -13.07 3194.93 -13.07
mp 4 3216.23 -18.67 3216.37 -18.67 3216.37 -16.28 3216.23 -16.28
mp 4 3216.23 -13.51 3216.37 -13.51 3216.37 -13.07 3216.23 -13.07
mp 4 3237.53 -18.67 3237.67 -18.67 3237.67 -16.28 3237.53 -16.28
mp 4 3237.53 -13.51 3237.67 -13.51 3237.67 -13.07 3237.53 -13.07
mp 4 3258.83 -18.67 3258.97 -18.67 3258.97 -16.28 3258.83 -16.28
mp 4 3258.83 -13.51 3258.97 -13.51 3258.97 -13.07 3258.83 -13.07
mp 4 3280.13 -18.67 3280.27 -18.67 3280.27 -16.28 3280.13 -16.28
mp 4 3280.13 -13.51 3280.27 -13.51 3280.27 -13.07 3280.13 -13.07
mp 4 3301.43 -18.67 3301.57 -18.67 3301.57 -16.28 3301.43 -16.28
mp 4 3301.43 -13.51 3301.57 -13.51 3301.57 -13.07 3301.43 -13.07
mp 4 3322.73 -18.67 3322.87 -18.67 3322.87 -16.28 3322.73 -16.28
mp 4 3322.73 -13.51 3322.87 -13.51 3322.87 -13.07 3322.73 -13.07
mp 4 3344.03 -18.67 3344.17 -18.67 3344.17 -16.28 3344.03 -16.28
mp 4 3344.03 -13.51 3344.17 -13.51 3344.17 -13.07 3344.03 -13.07
mp 4 3365.33 -18.67 3365.47 -18.67 3365.47 -16.28 3365.33 -16.28
mp 4 3365.33 -13.51 3365.47 -13.51 3365.47 -13.07 3365.33 -13.07
mp 4 3386.63 -18.67 3386.77 -18.67 3386.77 -16.28 3386.63 -16.28
mp 4 3386.63 -13.51 3386.77 -13.51 3386.77 -13.07 3386.63 -13.07
mp 4 3407.93 -18.67 3408.07 -18.67 3408.07 -16.28 3407.93 -16.28
mp 4 3407.93 -13.51 3408.07 -13.51 3408.07 -13.07 3407.93 -13.07
mp 4 3429.23 -18.67 3429.37 -18.67 3429.37 -16.28 3429.23 -16.28
mp 4 3429.23 -13.51 3429.37 -13.51 3429.37 -13.07 3429.23 -13.07
mp 4 3450.53 -18.67 3450.67 -18.67 3450.67 -16.28 3450.53 -16.28
mp 4 3450.53 -13.51 3450.67 -13.51 3450.67 -13.07 3450.53 -13.07
mp 4 3471.83 -18.67 3471.97 -18.67 3471.97 -16.28 3471.83 -16.28
mp 4 3471.83 -13.51 3471.97 -13.51 3471.97 -13.07 3471.83 -13.07
mp 4 3493.13 -18.67 3493.27 -18.67 3493.27 -16.28 3493.13 -16.28
mp 4 3493.13 -13.51 3493.27 -13.51 3493.27 -13.07 3493.13 -13.07
mp 4 3514.43 -18.67 3514.57 -18.67 3514.57 -16.28 3514.43 -16.28
mp 4 3514.43 -13.51 3514.57 -13.51 3514.57 -13.07 3514.43 -13.07
mp 4 3535.73 -18.67 3535.87 -18.67 3535.87 -16.28 3535.73 -16.28
mp 4 3535.73 -13.51 3535.87 -13.51 3535.87 -13.07 3535.73 -13.07
mp 4 3557.03 -18.67 3557.17 -18.67 3557.17 -16.28 3557.03 -16.28
mp 4 3557.03 -13.51 3557.17 -13.51 3557.17 -13.07 3557.03 -13.07
mp 4 3578.33 -18.67 3578.47 -18.67 3578.47 -16.28 3578.33 -16.28
mp 4 3578.33 -13.51 3578.47 -13.51 3578.47 -13.07 3578.33 -13.07
mp 4 3599.63 -18.67 3599.77 -18.67 3599.77 -16.28 3599.63 -16.28
mp 4 3599.63 -13.51 3599.77 -13.51 3599.77 -13.07 3599.63 -13.07
mp 4 3620.93 -18.67 3621.07 -18.67 3621.07 -16.28 3620.93 -16.28
mp 4 3620.93 -13.51 3621.07 -13.51 3621.07 -13.07 3620.93 -13.07
mp 4 3642.23 -18.67 3642.37 -18.67 3642.37 -16.28 3642.23 -16.28
mp 4 3642.23 -13.51 3642.37 -13.51 3642.37 -13.07 3642.23 -13.07
mp 4 3663.53 -18.67 3663.67 -18.67 3663.67 -16.28 3663.53 -16.28
mp 4 3663.53 -13.51 3663.67 -13.51 3663.67 -13.07 3663.53 -13.07
mp 4 3684.83 -18.67 3684.97 -18.67 3684.97 -16.28 3684.83 -16.28
mp 4 3684.83 -13.51 3684.97 -13.51 3684.97 -13.07 3684.83 -13.07
mp 4 3706.13 -18.67 3706.27 -18.67 3706.27 -16.28 3706.13 -16.28
mp 4 3706.13 -13.51 3706.27 -13.51 3706.27 -13.07 3706.13 -13.07
mp 4 3727.43 -18.67 3727.57 -18.67 3727.57 -16.28 3727.43 -16.28
mp 4 3727.43 -13.51 3727.57 -13.51 3727.57 -13.07 3727.43 -13.07
mp 4 3748.73 -18.67 3748.87 -18.67 3748.87 -16.28 3748.73 -16.28
mp 4 3748.73 -13.51 3748.87 -13.51 3748.87 -13.07 3748.73 -13.07
mp 4 3770.03 -18.67 3770.17 -18.67 3770.17 -16.28 3770.03 -16.28
mp 4 3770.03 -13.51 3770.17 -13.51 3770.17 -13.07 3770.03 -13.07
mp 4 3791.33 -18.67 3791.47 -18.67 3791.47 -16.28 3791.33 -16.28
mp 4 3791.33 -13.51 3791.47 -13.51 3791.47 -13.07 3791.33 -13.07
mp 4 3812.63 -18.67 3812.77 -18.67 3812.77 -16.28 3812.63 -16.28
mp 4 3812.63 -13.51 3812.77 -13.51 3812.77 -13.07 3812.63 -13.07
mp 4 3833.93 -18.67 3834.07 -18.67 3834.07 -16.28 3833.93 -16.28
mp 4 3833.93 -13.51 3834.07 -13.51 3834.07 -13.07 3833.93 -13.07
mp 4 3855.23 -18.67 3855.37 -18.67 3855.37 -16.28 3855.23 -16.28
mp 4 3855.23 -13.51 3855.37 -13.51 3855.37 -13.07 3855.23 -13.07
mp 4 3876.53 -18.67 3876.67 -18.67 3876.67 -16.28 3876.53 -16.28
mp 4 3876.53 -13.51 3876.67 -13.51 3876.67 -13.07 3876.53 -13.07
mp 4 3897.83 -18.67 3897.97 -18.67 3897.97 -16.28 3897.83 -16.28
mp 4 3897.83 -13.51 3897.97 -13.51 3897.97 -13.07 3897.83 -13.07
mp 4 3919.13 -18.67 3919.27 -18.67 3919.27 -16.28 3919.13 -16.28
mp 4 3919.13 -13.51 3919.27 -13.51 3919.27 -13.07 3919.13 -13.07
mp 4 3940.43 -18.67 3940.57 -18.67 3940.57 -16.28 3940.43 -16.28
mp 4 3940.43 -13.51 3940.57 -13.51 3940.57 -13.07 3940.43 -13.07
mp 4 3961.73 -18.67 3961.87 -18.67 3961.87 -16.28 3961.73 -16.28
mp 4 3961.73 -13.51 3961.87 -13.51 3961.87 -13.07 3961.73 -13.07
mp 4 3983.03 -18.67 3983.17 -18.67 3983.17 -16.28 3983.03 -16.28
mp 4 3983.03 -13.51 3983.17 -13.51 3983.17 -13.07 3983.03 -13.07
mp 4 4004.33 -18.67 4004.47 -18.67 4004.47 -16.28 4004.33 -16.28
mp 4 4004.33 -13.51 4004.47 -13.51 4004.47 -13.07 4004.33 -13.07
mp 4 4025.63 -18.67 4025.77 -18.67 4025.77 -16.28 4025.63 -16.28
mp 4 4025.63 -13.51 4025.77 -13.51 4025.77 -13.07 4025.63 -13.07
mp 4 4046.93 -18.67 4047.07 -18.67 4047.07 -16.28 4046.93 -16.28
mp 4 4046.93 -13.51 4047.07 -13.51 4047.07 -13.07 4046.93 -13.07
mp 4 4068.23 -18.67 4068.37 -18.67 4068.37 -16.28 4068.23 -16.28
mp 4 4068.23 -13.51 4068.37 -13.51 4068.37 -13.07 4068.23 -13.07
mp 4 4089.53 -18.67 4089.67 -18.67 4089.67 -16.28 4089.53 -16.28
mp 4 4089.53 -13.51 4089.67 -13.51 4089.67 -13.07 4089.53 -13.07
mp 4 4110.83 -18.67 4110.97 -18.67 4110.97 -16.28 4110.83 -16.28
mp 4 4110.83 -13.51 4110.97 -13.51 4110.97 -13.07 4110.83 -13.07
mp 4 4132.13 -18.67 4132.27 -18.67 4132.27 -16.28 4132.13 -16.28
mp 4 4132.13 -13.51 4132.27 -13.51 4132.27 -13.07 4132.13 -13.07
mp 4 4153.43 -18.67 4153.57 -18.67 4153.57 -16.28 4153.43 -16.28
mp 4 4153.43 -13.51 4153.57 -13.51 4153.57 -13.07 4153.43 -13.07
mp 4 4174.73 -18.67 4174.87 -18.67 4174.87 -16.28 4174.73 -16.28
mp 4 4174.73 -13.51 4174.87 -13.51 4174.87 -13.07 4174.73 -13.07
mp 4 4196.03 -18.67 4196.17 -18.67 4196.17 -16.28 4196.03 -16.28
mp 4 4196.03 -13.51 4196.17 -13.51 4196.17 -13.07 4196.03 -13.07
mp 4 4217.33 -18.67 4217.47 -18.67 4217.47 -16.28 4217.33 -16.28
mp 4 4217.33 -13.51 4217.47 -13.51 4217.47 -13.07 4217.33 -13.07
mp 4 4238.63 -18.67 4238.77 -18.67 4238.77 -16.28 4238.63 -16.28
mp 4 4238.63 -13.51 4238.77 -13.51 4238.77 -13.07 4238.63 -13.07
mp 4 4259.93 -18.67 4260.07 -18.67 4260.07 -16.28 4259.93 -16.28
mp 4 4259.93 -13.51 4260.07 -13.51 4260.07 -13.07 4259.93 -13.07
mp 4 4281.23 -18.67 4281.37 -18.67 4281.37 -16.28 4281.23 -16.28
mp 4 4281.23 -13.51 4281.37 -13.51 4281.37 -13.07 4281.23 -13.07
mp 4 4302.53 -18.67 4302.67 -18.67 4302.67 -16.28 4302.53 -16.28
mp 4 4302.53 -13.51 4302.67 -13.51 4302.67 -13.07 4302.53 -13.07
mp 4 4323.83 -18.67 4323.97 -18.67 4323.97 -16.28 4323.83 -16.28
mp 4 4323.83 -13.51 4323.97 -13.51 4323.97 -13.07 4323.83 -13.07
mp 4 4345.13 -18.67 4345.27 -18.67 4345.27 -16.28 4345.13 -16.28
mp 4 4345.13 -13.51 4345.27 -13.51 4345.27 -13.07 4345.13 -13.07
mp 4 4366.43 -18.67 4366.57 -18.67 4366.57 -16.28 4366.43 -16.28
mp 4 4366.43 -13.51 4366.57 -13.51 4366.57 -13.07 4366.43 -13.07
mp 4 4387.73 -18.67 4387.87 -18.67 4387.87 -16.28 4387.73 -16.28
mp 4 4387.73 -13.51 4387.87 -13.51 4387.87 -13.07 4387.73 -13.07
mp 4 4409.03 -18.67 4409.17 -18.67 4409.17 -16.28 4409.03 -16.28
mp 4 4409.03 -13.51 4409.17 -13.51 4409.17 -13.07 4409.03 -13.07
mp 4 4430.33 -18.67 4430.47 -18.67 4430.47 -16.28 4430.33 -16.28
mp 4 4430.33 -13.51 4430.47 -13.51 4430.47 -13.07 4430.33 -13.07
mp 4 4451.63 -18.67 4451.77 -18.67 4451.77 -16.28 4451.63 -16.28
mp 4 4451.63 -13.51 4451.77 -13.51 4451.77 -13.07 4451.63 -13.07
mp 4 4472.93 -18.67 4473.07 -18.67 4473.07 -16.28 4472.93 -16.28
mp 4 4472.93 -13.51 4473.07 -13.51 4473.07 -13.07 4472.93 -13.07
mp 4 4494.23 -18.67 4494.37 -18.67 4494.37 -16.28 4494.23 -16.28
mp 4 4494.23 -13.51 4494.37 -13.51 4494.37 -13.07 4494.23 -13.07
mp 4 4515.53 -18.67 4515.67 -18.67 4515.67 -16.28 4515.53 -16.28
mp 4 4515.53 -13.51 4515.67 -13.51 4515.67 -13.07 4515.53 -13.07
mp 4 4536.83 -18.67 4536.97 -18.67 4536.97 -16.28 4536.83 -16.28
mp 4 4536.83 -13.51 4536.97 -13.51 4536.97 -13.07 4536.83 -13.07
mp 4 4558.13 -18.67 4558.27 -18.67 4558.27 -16.28 4558.13 -16.28
mp 4 4558.13 -13.51 4558.27 -13.51 4558.27 -13.07 4558.13 -13.07
mp 4 4579.43 -18.67 4579.57 -18.67 4579.57 -16.28 4579.43 -16.28
mp 4 4579.43 -13.51 4579.57 -13.51 4579.57 -13.07 4579.43 -13.07
mp 4 4600.73 -18.67 4600.87 -18.67 4600.87 -16.28 4600.73 -16.28
mp 4 4600.73 -13.51 4600.87 -13.51 4600.87 -13.07 4600.73 -13.07
mp 4 4622.03 -18.67 4622.17 -18.67 4622.17 -16.28 4622.03 -16.28
mp 4 4622.03 -13.51 4622.17 -13.51 4622.17 -13.07 4622.03 -13.07
mp 4 4643.33 -18.67 4643.47 -18.67 4643.47 -16.28 4643.33 -16.28
mp 4 4643.33 -13.51 4643.47 -13.51 4643.47 -13.07 4643.33 -13.07
mp 4 4664.63 -18.67 4664.77 -18.67 4664.77 -16.28 4664.63 -16.28
mp 4 4664.63 -13.51 4664.77 -13.51 4664.77 -13.07 4664.63 -13.07
mp 4 4685.93 -18.67 4686.07 -18.67 4686.07 -16.28 4685.93 -16.28
mp 4 4685.93 -13.51 4686.07 -13.51 4686.07 -13.07 4685.93 -13.07
mp 4 4707.23 -18.67 4707.37 -18.67 4707.37 -16.28 4707.23 -16.28
mp 4 4707.23 -13.51 4707.37 -13.51 4707.37 -13.07 4707.23 -13.07
mp 4 4728.53 -18.67 4728.67 -18.67 4728.67 -16.28 4728.53 -16.28
mp 4 4728.53 -13.51 4728.67 -13.51 4728.67 -13.07 4728.53 -13.07
mp 4 4749.83 -18.67 4749.97 -18.67 4749.97 -16.28 4749.83 -16.28
mp 4 4749.83 -13.51 4749.97 -13.51 4749.97 -13.07 4749.83 -13.07
mp 4 4771.13 -18.67 4771.27 -18.67 4771.27 -16.28 4771.13 -16.28
mp 4 4771.13 -13.51 4771.27 -13.51 4771.27 -13.07 4771.13 -13.07
mp 4 4792.43 -18.67 4792.57 -18.67 4792.57 -16.28 4792.43 -16.28
mp 4 4792.43 -13.51 4792.57 -13.51 4792.57 -13.07 4792.43 -13.07
mp 4 4813.73 -18.67 4813.87 -18.67 4813.87 -16.28 4813.73 -16.28
mp 4 4813.73 -13.51 4813.87 -13.51 4813.87 -13.07 4813.73 -13.07
mp 4 4835.03 -18.67 4835.17 -18.67 4835.17 -16.28 4835.03 -16.28
mp 4 4835.03 -13.51 4835.17 -13.51 4835.17 -13.07 4835.03 -13.07
mp 4 4856.33 -18.67 4856.47 -18.67 4856.47 -16.28 4856.33 -16.28
mp 4 4856.33 -13.51 4856.47 -13.51 4856.47 -13.07 4856.33 -13.07
mp 4 4877.63 -18.67 4877.77 -18.67 4877.77 -16.28 4877.63 -16.28
mp 4 4877.63 -13.51 4877.77 -13.51 4877.77 -13.07 4877.63 -13.07
mp 4 4898.93 -18.67 4899.07 -18.67 4899.07 -16.28 4898.93 -16.28
mp 4 4898.93 -13.51 4899.07 -13.51 4899.07 -13.07 4898.93 -13.07
mp 4 4920.23 -18.67 4920.37 -18.67 4920.37 -16.28 4920.23 -16.28
mp 4 4920.23 -13.51 4920.37 -13.51 4920.37 -13.07 4920.23 -13.07
mp 4 4941.53 -18.67 4941.67 -18.67 4941.67 -16.28 4941.53 -16.28
mp 4 4941.53 -13.51 4941.67 -13.51 4941.67 -13.07 4941.53 -13.07
mp 4 4962.83 -18.67 4962.97 -18.67 4962.97 -16.28 4962.83 -16.28
mp 4 4962.83 -13.51 4962.97 -13.51 4962.97 -13.07 4962.83 -13.07
mp 4 4984.13 -18.67 4984.27 -18.67 4984.27 -16.28 4984.13 -16.28
mp 4 4984.13 -13.51 4984.27 -13.51 4984.27 -13.07 4984.13 -13.07
mp 4 5005.43 -18.67 5005.57 -18.67 5005.57 -16.28 5005.43 -16.28
mp 4 5005.43 -13.51 5005.57 -13.51 5005.57 -13.07 5005.43 -13.07
mp 4 5026.73 -18.67 5026.87 -18.67 5026.87 -16.28 5026.73 -16.28
mp 4 5026.73 -13.51 5026.87 -13.51 5026.87 -13.07 5026.73 -13.07
mp 4 5048.03 -18.67 5048.17 -18.67 5048.17 -16.28 5048.03 -16.28
mp 4 5048.03 -13.51 5048.17 -13.51 5048.17 -13.07 5048.03 -13.07
mp 4 5069.33 -18.67 5069.47 -18.67 5069.47 -16.28 5069.33 -16.28
mp 4 5069.33 -13.51 5069.47 -13.51 5069.47 -13.07 5069.33 -13.07
mp 4 5090.63 -18.67 5090.77 -18.67 5090.77 -16.28 5090.63 -16.28
mp 4 5090.63 -13.51 5090.77 -13.51 5090.77 -13.07 5090.63 -13.07
mp 4 5111.93 -18.67 5112.07 -18.67 5112.07 -16.28 5111.93 -16.28
mp 4 5111.93 -13.51 5112.07 -13.51 5112.07 -13.07 5111.93 -13.07
mp 4 5133.23 -18.67 5133.37 -18.67 5133.37 -16.28 5133.23 -16.28
mp 4 5133.23 -13.51 5133.37 -13.51 5133.37 -13.07 5133.23 -13.07
mp 4 5154.53 -18.67 5154.67 -18.67 5154.67 -16.28 5154.53 -16.28
mp 4 5154.53 -13.51 5154.67 -13.51 5154.67 -13.07 5154.53 -13.07
mp 4 5175.83 -18.67 5175.97 -18.67 5175.97 -16.28 5175.83 -16.28
mp 4 5175.83 -13.51 5175.97 -13.51 5175.97 -13.07 5175.83 -13.07
mp 4 5197.13 -18.67 5197.27 -18.67 5197.27 -16.28 5197.13 -16.28
mp 4 5197.13 -13.51 5197.27 -13.51 5197.27 -13.07 5197.13 -13.07
mp 4 5218.43 -18.67 5218.57 -18.67 5218.57 -16.28 5218.43 -16.28
mp 4 5218.43 -13.51 5218.57 -13.51 5218.57 -13.07 5218.43 -13.07
mp 4 5239.73 -18.67 5239.87 -18.67 5239.87 -16.28 5239.73 -16.28
mp 4 5239.73 -13.51 5239.87 -13.51 5239.87 -13.07 5239.73 -13.07
mp 4 5261.03 -18.67 5261.17 -18.67 5261.17 -16.28 5261.03 -16.28
mp 4 5261.03 -13.51 5261.17 -13.51 5261.17 -13.07 5261.03 -13.07
mp 4 5282.33 -18.67 5282.47 -18.67 5282.47 -16.28 5282.33 -16.28
mp 4 5282.33 -13.51 5282.47 -13.51 5282.47 -13.07 5282.33 -13.07
mp 4 5303.63 -18.67 5303.77 -18.67 5303.77 -16.28 5303.63 -16.28
mp 4 5303.63 -13.51 5303.77 -13.51 5303.77 -13.07 5303.63 -13.07
mp 4 5324.93 -18.67 5325.07 -18.67 5325.07 -16.28 5324.93 -16.28
mp 4 5324.93 -13.51 5325.07 -13.51 5325.07 -13.07 5324.93 -13.07
mp 4 5346.23 -18.67 5346.37 -18.67 5346.37 -16.28 5346.23 -16.28
mp 4 5346.23 -13.51 5346.37 -13.51 5346.37 -13.07 5346.23 -13.07
mp 4 5367.53 -18.67 5367.67 -18.67 5367.67 -16.28 5367.53 -16.28
mp 4 5367.53 -13.51 5367.67 -13.51 5367.67 -13.07 5367.53 -13.07
mp 4 5388.83 -18.67 5388.97 -18.67 5388.97 -16.28 5388.83 -16.28
mp 4 5388.83 -13.51 5388.97 -13.51 5388.97 -13.07 5388.83 -13.07
mp 4 5410.13 -18.67 5410.27 -18.67 5410.27 -16.28 5410.13 -16.28
mp 4 5410.13 -13.51 5410.27 -13.51 5410.27 -13.07 5410.13 -13.07
mp 4 5431.43 -18.67 5431.57 -18.67 5431.57 -16.28 5431.43 -16.28
mp 4 5431.43 -13.51 5431.57 -13.51 5431.57 -13.07 5431.43 -13.07
mp 4 5452.73 -18.67 5452.87 -18.67 5452.87 -16.28 5452.73 -16.28
mp 4 5452.73 -13.51 5452.87 -13.51 5452.87 -13.07 5452.73 -13.07
mp 4 5474.03 -18.67 5474.17 -18.67 5474.17 -16.28 5474.03 -16.28
mp 4 5474.03 -13.51 5474.17 -13.51 5474.17 -13.07 5474.03 -13.07
mp 4 5495.33 -18.67 5495.47 -18.67 5495.47 -16.28 5495.33 -16.28
mp 4 5495.33 -13.51 5495.47 -13.51 5495.47 -13.07 5495.33 -13.07
mp 4 5516.63 -18.67 5516.77 -18.67 5516.77 -16.28 5516.63 -16.28
mp 4 5516.63 -13.51 5516.77 -13.51 5516.77 -13.07 5516.63 -13.07
mp 4 5537.93 -18.67 5538.07 -18.67 5538.07 -16.28 5537.93 -16.28
mp 4 5537.93 -13.51 5538.07 -13.51 5538.07 -13.07 5537.93 -13.07
mp 4 5559.23 -18.67 5559.37 -18.67 5559.37 -16.28 5559.23 -16.28
mp 4 5559.23 -13.51 5559.37 -13.51 5559.37 -13.07 5559.23 -13.07
mp 4 5580.53 -18.67 5580.67 -18.67 5580.67 -16.28 5580.53 -16.28
mp 4 5580.53 -13.51 5580.67 -13.51 5580.67 -13.07 5580.53 -13.07
mp 4 5601.83 -18.67 5601.97 -18.67 5601.97 -16.28 5601.83 -16.28
mp 4 5601.83 -13.51 5601.97 -13.51 5601.97 -13.07 5601.83 -13.07
mp 4 5623.13 -18.67 5623.27 -18.67 5623.27 -16.28 5623.13 -16.28
mp 4 5623.13 -13.51 5623.27 -13.51 5623.27 -13.07 5623.13 -13.07
mp 4 5644.43 -18.67 5644.57 -18.67 5644.57 -16.28 5644.43 -16.28
mp 4 5644.43 -13.51 5644.57 -13.51 5644.57 -13.07 5644.43 -13.07
mp 4 5665.73 -18.67 5665.87 -18.67 5665.87 -16.28 5665.73 -16.28
mp 4 5665.73 -13.51 5665.87 -13.51 5665.87 -13.07 5665.73 -13.07
mp 4 5687.03 -18.67 5687.17 -18.67 5687.17 -16.28 5687.03 -16.28
mp 4 5687.03 -13.51 5687.17 -13.51 5687.17 -13.07 5687.03 -13.07
mp 4 5708.33 -18.67 5708.47 -18.67 5708.47 -16.28 5708.33 -16.28
mp 4 5708.33 -13.51 5708.47 -13.51 5708.47 -13.07 5708.33 -13.07
mp 4 5729.63 -18.67 5729.77 -18.67 5729.77 -16.28 5729.63 -16.28
mp 4 5729.63 -13.51 5729.77 -13.51 5729.77 -13.07 5729.63 -13.07
mp 4 5750.93 -18.67 5751.07 -18.67 5751.07 -16.28 5750.93 -16.28
mp 4 5750.93 -13.51 5751.07 -13.51 5751.07 -13.07 5750.93 -13.07
mp 4 5772.23 -18.67 5772.37 -18.67 5772.37 -16.28 5772.23 -16.28
mp 4 5772.23 -13.51 5772.37 -13.51 5772.37 -13.07 5772.23 -13.07
mp 4 5793.53 -18.67 5793.67 -18.67 5793.67 -16.28 5793.53 -16.28
mp 4 5793.53 -13.51 5793.67 -13.51 5793.67 -13.07 5793.53 -13.07
mp 4 5814.83 -18.67 5814.97 -18.67 5814.97 -16.28 5814.83 -16.28
mp 4 5814.83 -13.51 5814.97 -13.51 5814.97 -13.07 5814.83 -13.07
mp 4 5836.13 -18.67 5836.27 -18.67 5836.27 -16.28 5836.13 -16.28
mp 4 5836.13 -13.51 5836.27 -13.51 5836.27 -13.07 5836.13 -13.07
mp 4 5857.43 -18.67 5857.57 -18.67 5857.57 -16.28 5857.43 -16.28
mp 4 5857.43 -13.51 5857.57 -13.51 5857.57 -13.07 5857.43 -13.07
mp 4 5878.73 -18.67 5878.87 -18.67 5878.87 -16.28 5878.73 -16.28
mp 4 5878.73 -13.51 5878.87 -13.51 5878.87 -13.07 5878.73 -13.07
mp 4 5900.03 -18.67 5900.17 -18.67 5900.17 -16.28 5900.03 -16.28
mp 4 5900.03 -13.51 5900.17 -13.51 5900.17 -13.07 5900.03 -13.07
mp 4 5921.33 -18.67 5921.47 -18.67 5921.47 -16.28 5921.33 -16.28
mp 4 5921.33 -13.51 5921.47 -13.51 5921.47 -13.07 5921.33 -13.07
mp 4 5942.63 -18.67 5942.77 -18.67 5942.77 -16.28 5942.63 -16.28
mp 4 5942.63 -13.51 5942.77 -13.51 5942.77 -13.07 5942.63 -13.07
mp 4 5963.93 -18.67 5964.07 -18.67 5964.07 -16.28 5963.93 -16.28
mp 4 5963.93 -13.51 5964.07 -13.51 5964.07 -13.07 5963.93 -13.07
mp 4 5985.23 -18.67 5985.37 -18.67 5985.37 -16.28 5985.23 -16.28
mp 4 5985.23 -13.51 5985.37 -13.51 5985.37 -13.07 5985.23 -13.07
mp 4 6006.53 -18.67 6006.67 -18.67 6006.67 -16.28 6006.53 -16.28
mp 4 6006.53 -13.51 6006.67 -13.51 6006.67 -13.07 6006.53 -13.07
mp 4 6027.83 -18.67 6027.97 -18.67 6027.97 -16.28 6027.83 -16.28
mp 4 6027.83 -13.51 6027.97 -13.51 6027.97 -13.07 6027.83 -13.07
mp 4 6049.13 -18.67 6049.27 -18.67 6049.27 -16.28 6049.13 -16.28
mp 4 6049.13 -13.51 6049.27 -13.51 6049.27 -13.07 6049.13 -13.07
mp 4 6070.43 -18.67 6070.57 -18.67 6070.57 -16.28 6070.43 -16.28
mp 4 6070.43 -13.51 6070.57 -13.51 6070.57 -13.07 6070.43 -13.07
mp 4 6091.73 -18.67 6091.87 -18.67 6091.87 -16.28 6091.73 -16.28
mp 4 6091.73 -13.51 6091.87 -13.51 6091.87 -13.07 6091.73 -13.07
mp 4 6113.03 -18.67 6113.17 -18.67 6113.17 -16.28 6113.03 -16.28
mp 4 6113.03 -13.51 6113.17 -13.51 6113.17 -13.07 6113.03 -13.07
mp 4 6134.33 -18.67 6134.47 -18.67 6134.47 -16.28 6134.33 -16.28
mp 4 6134.33 -13.51 6134.47 -13.51 6134.47 -13.07 6134.33 -13.07
mp 4 6155.63 -18.67 6155.77 -18.67 6155.77 -16.28 6155.63 -16.28
mp 4 6155.63 -13.51 6155.77 -13.51 6155.77 -13.07 6155.63 -13.07
mp 4 6176.93 -18.67 6177.07 -18.67 6177.07 -16.28 6176.93 -16.28
mp 4 6176.93 -13.51 6177.07 -13.51 6177.07 -13.07 6176.93 -13.07
mp 4 6198.23 -18.67 6198.37 -18.67 6198.37 -16.28 6198.23 -16.28
mp 4 6198.23 -13.51 6198.37 -13.51 6198.37 -13.07 6198.23 -13.07
mp 4 6219.53 -18.67 6219.67 -18.67 6219.67 -16.28 6219.53 -16.28
mp 4 6219.53 -13.51 6219.67 -13.51 6219.67 -13.07 6219.53 -13.07
mp 4 6240.83 -18.67 6240.97 -18.67 6240.97 -16.28 6240.83 -16.28
mp 4 6240.83 -13.51 6240.97 -13.51 6240.97 -13.07 6240.83 -13.07
mp 4 6262.13 -18.67 6262.27 -18.67 6262.27 -16.28 6262.13 -16.28
mp 4 6262.13 -13.51 6262.27 -13.51 6262.27 -13.07 6262.13 -13.07
mp 4 6283.43 -18.67 6283.57 -18.67 6283.57 -16.28 6283.43 -16.28
mp 4 6283.43 -13.51 6283.57 -13.51 6283.57 -13.07 6283.43 -13.07
mp 4 6304.73 -18.67 6304.87 -18.67 6304.87 -16.28 6304.73 -16.28
mp 4 6304.73 -13.51 6304.87 -13.51 6304.87 -13.07 6304.73 -13.07
mp 4 6326.03 -18.67 6326.17 -18.67 6326.17 -16.28 6326.03 -16.28
mp 4 6326.03 -13.51 6326.17 -13.51 6326.17 -13.07 6326.03 -13.07
mp 4 6347.33 -18.67 6347.47 -18.67 6347.47 -16.28 6347.33 -16.28
mp 4 6347.33 -13.51 6347.47 -13.51 6347.47 -13.07 6347.33 -13.07
mp 4 6368.63 -18.67 6368.77 -18.67 6368.77 -16.28 6368.63 -16.28
mp 4 6368.63 -13.51 6368.77 -13.51 6368.77 -13.07 6368.63 -13.07
mp 4 6389.93 -18.67 6390.07 -18.67 6390.07 -16.28 6389.93 -16.28
mp 4 6389.93 -13.51 6390.07 -13.51 6390.07 -13.07 6389.93 -13.07
mp 4 6411.23 -18.67 6411.37 -18.67 6411.37 -16.28 6411.23 -16.28
mp 4 6411.23 -13.51 6411.37 -13.51 6411.37 -13.07 6411.23 -13.07
mp 4 6432.53 -18.67 6432.67 -18.67 6432.67 -16.28 6432.53 -16.28
mp 4 6432.53 -13.51 6432.67 -13.51 6432.67 -13.07 6432.53 -13.07
mp 4 6453.83 -18.67 6453.97 -18.67 6453.97 -16.28 6453.83 -16.28
mp 4 6453.83 -13.51 6453.97 -13.51 6453.97 -13.07 6453.83 -13.07
mp 4 6475.13 -18.67 6475.27 -18.67 6475.27 -16.28 6475.13 -16.28
mp 4 6475.13 -13.51 6475.27 -13.51 6475.27 -13.07 6475.13 -13.07
mp 4 6496.43 -18.67 6496.57 -18.67 6496.57 -16.28 6496.43 -16.28
mp 4 6496.43 -13.51 6496.57 -13.51 6496.57 -13.07 6496.43 -13.07
mp 4 6517.73 -18.67 6517.87 -18.67 6517.87 -16.28 6517.73 -16.28
mp 4 6517.73 -13.51 6517.87 -13.51 6517.87 -13.07 6517.73 -13.07
mp 4 6539.03 -18.67 6539.17 -18.67 6539.17 -16.28 6539.03 -16.28
mp 4 6539.03 -13.51 6539.17 -13.51 6539.17 -13.07 6539.03 -13.07
mp 4 6560.33 -18.67 6560.47 -18.67 6560.47 -16.28 6560.33 -16.28
mp 4 6560.33 -13.51 6560.47 -13.51 6560.47 -13.07 6560.33 -13.07
mp 4 6581.63 -18.67 6581.77 -18.67 6581.77 -16.28 6581.63 -16.28
mp 4 6581.63 -13.51 6581.77 -13.51 6581.77 -13.07 6581.63 -13.07
mp 4 6602.93 -18.67 6603.07 -18.67 6603.07 -16.28 6602.93 -16.28
mp 4 6602.93 -13.51 6603.07 -13.51 6603.07 -13.07 6602.93 -13.07
mp 4 6624.23 -18.67 6624.37 -18.67 6624.37 -16.28 6624.23 -16.28
mp 4 6624.23 -13.51 6624.37 -13.51 6624.37 -13.07 6624.23 -13.07
mp 4 6645.53 -18.67 6645.67 -18.67 6645.67 -16.28 6645.53 -16.28
mp 4 6645.53 -13.51 6645.67 -13.51 6645.67 -13.07 6645.53 -13.07
mp 4 6666.83 -18.67 6666.97 -18.67 6666.97 -16.28 6666.83 -16.28
mp 4 6666.83 -13.51 6666.97 -13.51 6666.97 -13.07 6666.83 -13.07
mp 4 6688.13 -18.67 6688.27 -18.67 6688.27 -16.28 6688.13 -16.28
mp 4 6688.13 -13.51 6688.27 -13.51 6688.27 -13.07 6688.13 -13.07
mp 4 6709.43 -18.67 6709.57 -18.67 6709.57 -16.28 6709.43 -16.28
mp 4 6709.43 -13.51 6709.57 -13.51 6709.57 -13.07 6709.43 -13.07
mp 4 6730.73 -18.67 6730.87 -18.67 6730.87 -16.28 6730.73 -16.28
mp 4 6730.73 -13.51 6730.87 -13.51 6730.87 -13.07 6730.73 -13.07
mp 4 6752.03 -18.67 6752.17 -18.67 6752.17 -16.28 6752.03 -16.28
mp 4 6752.03 -13.51 6752.17 -13.51 6752.17 -13.07 6752.03 -13.07
mp 4 6773.33 -18.67 6773.47 -18.67 6773.47 -16.28 6773.33 -16.28
mp 4 6773.33 -13.51 6773.47 -13.51 6773.47 -13.07 6773.33 -13.07
mp 4 6794.63 -18.67 6794.77 -18.67 6794.77 -16.28 6794.63 -16.28
mp 4 6794.63 -13.51 6794.77 -13.51 6794.77 -13.07 6794.63 -13.07
mp 4 6815.93 -18.67 6816.07 -18.67 6816.07 -16.28 6815.93 -16.28
mp 4 6815.93 -13.51 6816.07 -13.51 6816.07 -13.07 6815.93 -13.07
mp 4 6837.23 -18.67 6837.37 -18.67 6837.37 -16.28 6837.23 -16.28
mp 4 6837.23 -13.51 6837.37 -13.51 6837.37 -13.07 6837.23 -13.07
mp 4 6858.53 -18.67 6858.67 -18.67 6858.67 -16.28 6858.53 -16.28
mp 4 6858.53 -13.51 6858.67 -13.51 6858.67 -13.07 6858.53 -13.07
mp 4 6879.83 -18.67 6879.97 -18.67 6879.97 -16.28 6879.83 -16.28
mp 4 6879.83 -13.51 6879.97 -13.51 6879.97 -13.07 6879.83 -13.07
mp 4 6901.13 -18.67 6901.27 -18.67 6901.27 -16.28 6901.13 -16.28
mp 4 6901.13 -13.51 6901.27 -13.51 6901.27 -13.07 6901.13 -13.07
mp 4 6922.43 -18.67 6922.57 -18.67 6922.57 -16.28 6922.43 -16.28
mp 4 6922.43 -13.51 6922.57 -13.51 6922.57 -13.07 6922.43 -13.07
mp 4 6943.73 -18.67 6943.87 -18.67 6943.87 -16.28 6943.73 -16.28
mp 4 6943.73 -13.51 6943.87 -13.51 6943.87 -13.07 6943.73 -13.07
mp 4 6965.03 -18.67 6965.17 -18.67 6965.17 -16.28 6965.03 -16.28
mp 4 6965.03 -13.51 6965.17 -13.51 6965.17 -13.07 6965.03 -13.07
mp 4 6986.33 -18.67 6986.47 -18.67 6986.47 -16.28 6986.33 -16.28
mp 4 6986.33 -13.51 6986.47 -13.51 6986.47 -13.07 6986.33 -13.07
mp 4 7007.63 -18.67 7007.77 -18.67 7007.77 -16.28 7007.63 -16.28
mp 4 7007.63 -13.51 7007.77 -13.51 7007.77 -13.07 7007.63 -13.07
mp 4 7028.93 -18.67 7029.07 -18.67 7029.07 -16.28 7028.93 -16.28
mp 4 7028.93 -13.51 7029.07 -13.51 7029.07 -13.07 7028.93 -13.07
mp 4 7050.23 -18.67 7050.37 -18.67 7050.37 -16.28 7050.23 -16.28
mp 4 7050.23 -13.51 7050.37 -13.51 7050.37 -13.07 7050.23 -13.07
mp 4 7071.53 -18.67 7071.67 -18.67 7071.67 -16.28 7071.53 -16.28
mp 4 7071.53 -13.51 7071.67 -13.51 7071.67 -13.07 7071.53 -13.07
mp 4 7092.83 -18.67 7092.97 -18.67 7092.97 -16.28 7092.83 -16.28
mp 4 7092.83 -13.51 7092.97 -13.51 7092.97 -13.07 7092.83 -13.07
mp 4 7114.13 -18.67 7114.27 -18.67 7114.27 -16.28 7114.13 -16.28
mp 4 7114.13 -13.51 7114.27 -13.51 7114.27 -13.07 7114.13 -13.07
mp 4 7135.43 -18.67 7135.57 -18.67 7135.57 -16.28 7135.43 -16.28
mp 4 7135.43 -13.51 7135.57 -13.51 7135.57 -13.07 7135.43 -13.07
mp 4 7156.73 -18.67 7156.87 -18.67 7156.87 -16.28 7156.73 -16.28
mp 4 7156.73 -13.51 7156.87 -13.51 7156.87 -13.07 7156.73 -13.07
mp 4 7178.03 -18.67 7178.17 -18.67 7178.17 -16.28 7178.03 -16.28
mp 4 7178.03 -13.51 7178.17 -13.51 7178.17 -13.07 7178.03 -13.07
mp 4 7199.33 -18.67 7199.47 -18.67 7199.47 -16.28 7199.33 -16.28
mp 4 7199.33 -13.51 7199.47 -13.51 7199.47 -13.07 7199.33 -13.07
mp 4 7220.63 -18.67 7220.77 -18.67 7220.77 -16.28 7220.63 -16.28
mp 4 7220.63 -13.51 7220.77 -13.51 7220.77 -13.07 7220.63 -13.07
mp 4 7241.93 -18.67 7242.07 -18.67 7242.07 -16.28 7241.93 -16.28
mp 4 7241.93 -13.51 7242.07 -13.51 7242.07 -13.07 7241.93 -13.07
mp 4 7263.23 -18.67 7263.37 -18.67 7263.37 -16.28 7263.23 -16.28
mp 4 7263.23 -13.51 7263.37 -13.51 7263.37 -13.07 7263.23 -13.07
mp 4 7284.53 -18.67 7284.67 -18.67 7284.67 -16.28 7284.53 -16.28
mp 4 7284.53 -13.51 7284.67 -13.51 7284.67 -13.07 7284.53 -13.07
mp 4 7305.83 -18.67 7305.97 -18.67 7305.97 -16.28 7305.83 -16.28
mp 4 7305.83 -13.51 7305.97 -13.51 7305.97 -13.07 7305.83 -13.07
mp 4 7327.13 -18.67 7327.27 -18.67 7327.27 -16.28 7327.13 -16.28
mp 4 7327.13 -13.51 7327.27 -13.51 7327.27 -13.07 7327.13 -13.07
mp 4 7348.43 -18.67 7348.57 -18.67 7348.57 -16.28 7348.43 -16.28
mp 4 7348.43 -13.51 7348.57 -13.51 7348.57 -13.07 7348.43 -13.07
mp 4 7369.73 -18.67 7369.87 -18.67 7369.87 -16.28 7369.73 -16.28
mp 4 7369.73 -13.51 7369.87 -13.51 7369.87 -13.07 7369.73 -13.07
mp 4 7391.03 -18.67 7391.17 -18.67 7391.17 -16.28 7391.03 -16.28
mp 4 7391.03 -13.51 7391.17 -13.51 7391.17 -13.07 7391.03 -13.07
mp 4 7412.33 -18.67 7412.47 -18.67 7412.47 -16.28 7412.33 -16.28
mp 4 7412.33 -13.51 7412.47 -13.51 7412.47 -13.07 7412.33 -13.07
mp 4 7433.63 -18.67 7433.77 -18.67 7433.77 -16.28 7433.63 -16.28
mp 4 7433.63 -13.51 7433.77 -13.51 7433.77 -13.07 7433.63 -13.07
mp 4 7454.93 -18.67 7455.07 -18.67 7455.07 -16.28 7454.93 -16.28
mp 4 7454.93 -13.51 7455.07 -13.51 7455.07 -13.07 7454.93 -13.07
mp 4 7476.23 -18.67 7476.37 -18.67 7476.37 -16.28 7476.23 -16.28
mp 4 7476.23 -13.51 7476.37 -13.51 7476.37 -13.07 7476.23 -13.07
mp 4 7497.53 -18.67 7497.67 -18.67 7497.67 -16.28 7497.53 -16.28
mp 4 7497.53 -13.51 7497.67 -13.51 7497.67 -13.07 7497.53 -13.07
mp 4 7518.83 -18.67 7518.97 -18.67 7518.97 -16.28 7518.83 -16.28
mp 4 7518.83 -13.51 7518.97 -13.51 7518.97 -13.07 7518.83 -13.07
mp 4 7540.13 -18.67 7540.27 -18.67 7540.27 -16.28 7540.13 -16.28
mp 4 7540.13 -13.51 7540.27 -13.51 7540.27 -13.07 7540.13 -13.07
mp 4 7561.43 -18.67 7561.57 -18.67 7561.57 -16.28 7561.43 -16.28
mp 4 7561.43 -13.51 7561.57 -13.51 7561.57 -13.07 7561.43 -13.07
mp 4 7582.73 -18.67 7582.87 -18.67 7582.87 -16.28 7582.73 -16.28
mp 4 7582.73 -13.51 7582.87 -13.51 7582.87 -13.07 7582.73 -13.07
mp 4 7604.03 -18.67 7604.17 -18.67 7604.17 -16.28 7604.03 -16.28
mp 4 7604.03 -13.51 7604.17 -13.51 7604.17 -13.07 7604.03 -13.07
mp 4 7625.33 -18.67 7625.47 -18.67 7625.47 -16.28 7625.33 -16.28
mp 4 7625.33 -13.51 7625.47 -13.51 7625.47 -13.07 7625.33 -13.07
mp 4 7646.63 -18.67 7646.77 -18.67 7646.77 -16.28 7646.63 -16.28
mp 4 7646.63 -13.51 7646.77 -13.51 7646.77 -13.07 7646.63 -13.07
mp 4 7667.93 -18.67 7668.07 -18.67 7668.07 -16.28 7667.93 -16.28
mp 4 7667.93 -13.51 7668.07 -13.51 7668.07 -13.07 7667.93 -13.07
mp 4 7689.23 -18.67 7689.37 -18.67 7689.37 -16.28 7689.23 -16.28
mp 4 7689.23 -13.51 7689.37 -13.51 7689.37 -13.07 7689.23 -13.07
mp 4 7710.53 -18.67 7710.67 -18.67 7710.67 -16.28 7710.53 -16.28
mp 4 7710.53 -13.51 7710.67 -13.51 7710.67 -13.07 7710.53 -13.07
mp 4 7731.83 -18.67 7731.97 -18.67 7731.97 -16.28 7731.83 -16.28
mp 4 7731.83 -13.51 7731.97 -13.51 7731.97 -13.07 7731.83 -13.07
mp 4 7753.13 -18.67 7753.27 -18.67 7753.27 -16.28 7753.13 -16.28
mp 4 7753.13 -13.51 7753.27 -13.51 7753.27 -13.07 7753.13 -13.07
mp 4 7774.43 -18.67 7774.57 -18.67 7774.57 -16.28 7774.43 -16.28
mp 4 7774.43 -13.51 7774.57 -13.51 7774.57 -13.07 7774.43 -13.07
mp 4 7795.73 -18.67 7795.87 -18.67 7795.87 -16.28 7795.73 -16.28
mp 4 7795.73 -13.51 7795.87 -13.51 7795.87 -13.07 7795.73 -13.07
mp 4 7817.03 -18.67 7817.17 -18.67 7817.17 -16.28 7817.03 -16.28
mp 4 7817.03 -13.51 7817.17 -13.51 7817.17 -13.07 7817.03 -13.07
mp 4 7838.33 -18.67 7838.47 -18.67 7838.47 -16.28 7838.33 -16.28
mp 4 7838.33 -13.51 7838.47 -13.51 7838.47 -13.07 7838.33 -13.07
mp 4 7859.63 -18.67 7859.77 -18.67 7859.77 -16.28 7859.63 -16.28
mp 4 7859.63 -13.51 7859.77 -13.51 7859.77 -13.07 7859.63 -13.07
mp 4 7880.93 -18.67 7881.07 -18.67 7881.07 -16.28 7880.93 -16.28
mp 4 7880.93 -13.51 7881.07 -13.51 7881.07 -13.07 7880.93 -13.07
mp 4 7902.23 -18.67 7902.37 -18.67 7902.37 -16.28 7902.23 -16.28
mp 4 7902.23 -13.51 7902.37 -13.51 7902.37 -13.07 7902.23 -13.07
mp 4 7923.53 -18.67 7923.67 -18.67 7923.67 -16.28 7923.53 -16.28
mp 4 7923.53 -13.51 7923.67 -13.51 7923.67 -13.07 7923.53 -13.07
mp 4 7944.83 -18.67 7944.97 -18.67 7944.97 -16.28 7944.83 -16.28
mp 4 7944.83 -13.51 7944.97 -13.51 7944.97 -13.07 7944.83 -13.07
mp 4 7966.13 -18.67 7966.27 -18.67 7966.27 -16.28 7966.13 -16.28
mp 4 7966.13 -13.51 7966.27 -13.51 7966.27 -13.07 7966.13 -13.07
mp 4 7987.43 -18.67 7987.57 -18.67 7987.57 -16.28 7987.43 -16.28
mp 4 7987.43 -13.51 7987.57 -13.51 7987.57 -13.07 7987.43 -13.07
mp 4 8008.73 -18.67 8008.87 -18.67 8008.87 -16.28 8008.73 -16.28
mp 4 8008.73 -13.51 8008.87 -13.51 8008.87 -13.07 8008.73 -13.07
mp 4 8030.03 -18.67 8030.17 -18.67 8030.17 -16.28 8030.03 -16.28
mp 4 8030.03 -13.51 8030.17 -13.51 8030.17 -13.07 8030.03 -13.07
mp 4 8051.33 -18.67 8051.47 -18.67 8051.47 -16.28 8051.33 -16.28
mp 4 8051.33 -13.51 8051.47 -13.51 8051.47 -13.07 8051.33 -13.07
mp 4 8072.63 -18.67 8072.77 -18.67 8072.77 -16.28 8072.63 -16.28
mp 4 8072.63 -13.51 8072.77 -13.51 8072.77 -13.07 8072.63 -13.07
mp 4 8093.93 -18.67 8094.07 -18.67 8094.07 -16.28 8093.93 -16.28
mp 4 8093.93 -13.51 8094.07 -13.51 8094.07 -13.07 8093.93 -13.07
mp 4 8115.23 -18.67 8115.37 -18.67 8115.37 -16.28 8115.23 -16.28
mp 4 8115.23 -13.51 8115.37 -13.51 8115.37 -13.07 8115.23 -13.07
mp 4 8136.53 -18.67 8136.67 -18.67 8136.67 -16.28 8136.53 -16.28
mp 4 8136.53 -13.51 8136.67 -13.51 8136.67 -13.07 8136.53 -13.07
mp 4 8157.83 -18.67 8157.97 -18.67 8157.97 -16.28 8157.83 -16.28
mp 4 8157.83 -13.51 8157.97 -13.51 8157.97 -13.07 8157.83 -13.07
mp 4 8179.13 -18.67 8179.27 -18.67 8179.27 -16.28 8179.13 -16.28
mp 4 8179.13 -13.51 8179.27 -13.51 8179.27 -13.07 8179.13 -13.07
mp 4 8180.27 -18.67 8180.41 -18.67 8180.41 -16.28 8180.27 -16.28
mp 4 8180.27 -13.51 8180.41 -13.51 8180.41 -13.07 8180.27 -13.07
mp 4 8181.41 -18.67 8181.55 -18.67 8181.55 -16.28 8181.41 -16.28
mp 4 8181.41 -13.51 8181.55 -13.51 8181.55 -13.07 8181.41 -13.07
mp 4 8182.55 -18.67 8182.69 -18.67 8182.69 -16.28 8182.55 -16.28
mp 4 8182.55 -13.51 8182.69 -13.51 8182.69 -13.07 8182.55 -13.07
mp 4 8183.69 -18.67 8183.83 -18.67 8183.83 -16.28 8183.69 -16.28
mp 4 8183.69 -13.51 8183.83 -13.51 8183.83 -13.07 8183.69 -13.07
mp 4 8184.83 -18.67 8184.97 -18.67 8184.97 -16.28 8184.83 -16.28
mp 4 8184.83 -13.51 8184.97 -13.51 8184.97 -13.07 8184.83 -13.07
mp 4 8185.97 -18.67 8186.11 -18.67 8186.11 -16.28 8185.97 -16.28
mp 4 8185.97 -13.51 8186.11 -13.51 8186.11 -13.07 8185.97 -13.07
mp 4 8187.11 -18.67 8187.25 -18.67 8187.25 -16.28 8187.11 -16.28
mp 4 8187.11 -13.51 8187.25 -13.51 8187.25 -13.07 8187.11 -13.07
mp 4 8188.25 -18.67 8188.39 -18.67 8188.39 -16.28 8188.25 -16.28
mp 4 8188.25 -13.51 8188.39 -13.51 8188.39 -13.07 8188.25 -13.07
mp 4 8189.39 -18.67 8189.53 -18.67 8189.53 -16.28 8189.39 -16.28
mp 4 8189.39 -13.51 8189.53 -13.51 8189.53 -13.07 8189.39 -13.07
mp 4 8190.53 -18.67 8190.67 -18.67 8190.67 -16.28 8190.53 -16.28
mp 4 8190.53 -13.51 8190.67 -13.51 8190.67 -13.07 8190.53 -13.07
mgc_rve_zoom -1729.364 -19.87 9941.264 -11.87 1
